3 0.6962890625 0.78515625 0.15625 0.384765625
3 0.62890625 0.6015625 0.1484375 0.4306640625
3 0.65625 0.396484375 0.140625 0.41796875
3 0.419921875 0.3994140625 0.166015625 0.3740234375
3 0.294921875 0.4453125 0.0966796875 0.58203125
3 0.29296875 0.8046875 0.0908203125 0.3544921875
0 0.38671875 0.59765625 0.134765625 0.2763671875
0 0.5634765625 0.7236328125 0.1494140625 0.3974609375
0 0.8115234375 0.8251953125 0.177734375 0.296875
0 0.607421875 0.1748046875 0.212890625 0.2919921875
0 0.7734375 0.142578125 0.134765625 0.2236328125
0 0.60546875 0.390625 0.17578125 0.2607421875
0 0.7578125 0.337890625 0.13671875 0.2373046875
2 0.4794921875 0.80859375 0.2451171875 0.345703125
2 0.53125 0.4921875 0.1611328125 0.1484375
2 0.7744140625 0.4453125 0.150390625 0.0849609375
0 0.4775390625 0.3212890625 0.060546875 0.076171875
0 0.458984375 0.255859375 0.0634765625 0.1337890625
0 0.4765625 0.3544921875 0.068359375 0.0625