3 0.5849609375 0.5703125 0.138671875 0.6376953125
3 0.6845703125 0.5830078125 0.1513671875 0.591796875
3 0.6787109375 0.3154296875 0.12890625 0.35546875
3 0.4970703125 0.3232421875 0.095703125 0.5009765625
3 0.3349609375 0.6650390625 0.08203125 0.34765625
0 0.8359375 0.748046875 0.193359375 0.2958984375
0 0.3515625 0.5732421875 0.103515625 0.244140625
0 0.8193359375 0.0927734375 0.126953125 0.181640625
0 0.650390625 0.1142578125 0.216796875 0.2275390625
0 0.712890625 0.271484375 0.314453125 0.234375
2 0.80859375 0.369140625 0.1572265625 0.091796875
2 0.501953125 0.72265625 0.2080078125 0.3388671875
0 0.6279296875 0.658203125 0.1337890625 0.380859375