3 0.3349609375 0.6533203125 0.0908203125 0.3232421875
3 0.5751953125 0.5927734375 0.1396484375 0.642578125
3 0.673828125 0.5849609375 0.1513671875 0.5595703125
3 0.66796875 0.33984375 0.130859375 0.3447265625
3 0.48828125 0.3505859375 0.103515625 0.4931640625
0 0.8203125 0.7724609375 0.1923828125 0.3056640625
0 0.61328125 0.6708984375 0.1201171875 0.39453125
0 0.345703125 0.5947265625 0.0986328125 0.2333984375
0 0.802734375 0.2919921875 0.1357421875 0.2373046875
0 0.806640625 0.1044921875 0.1328125 0.20703125
0 0.6484375 0.1455078125 0.1923828125 0.287109375
2 0.5166015625 0.7373046875 0.259765625 0.341796875
2 0.5283203125 0.390625 0.0498046875 0.08984375