3 0.275390625 0.6162109375 0.109375 0.3681640625
3 0.4140625 0.3671875 0.1259765625 0.2626953125
3 0.61328125 0.337890625 0.12890625 0.392578125
3 0.5810546875 0.6064453125 0.166015625 0.587890625
0 0.7470703125 0.763671875 0.189453125 0.2919921875
0 0.5263671875 0.6640625 0.1572265625 0.3779296875
0 0.4111328125 0.552734375 0.1123046875 0.26953125
0 0.5654296875 0.1259765625 0.201171875 0.251953125
0 0.73046875 0.109375 0.1328125 0.21875
0 0.5693359375 0.3232421875 0.1865234375 0.2822265625
0 0.7197265625 0.29296875 0.123046875 0.2197265625
0 0.42578125 0.201171875 0.0576171875 0.1123046875
0 0.4423828125 0.26171875 0.05859375 0.0712890625
2 0.470703125 0.7783203125 0.2841796875 0.24609375
2 0.6318359375 0.4306640625 0.32421875 0.1416015625
1 0.3037109375 0.4501953125 0.166015625 0.888671875