3 0.150390625 0.7314453125 0.1181640625 0.3681640625
3 0.171875 0.5517578125 0.16015625 0.494140625
3 0.357421875 0.66796875 0.169921875 0.5166015625
3 0.5185546875 0.580078125 0.1630859375 0.677734375
3 0.5810546875 0.2802734375 0.1826171875 0.3154296875
3 0.388671875 0.328125 0.1494140625 0.3486328125
0 0.6650390625 0.759765625 0.2001953125 0.3193359375
0 0.451171875 0.6728515625 0.130859375 0.3681640625
0 0.421875 0.45703125 0.1435546875 0.22265625
0 0.48828125 0.287109375 0.140625 0.255859375
0 0.6279296875 0.267578125 0.1259765625 0.224609375
0 0.6396484375 0.08984375 0.134765625 0.177734375
0 0.4638671875 0.1181640625 0.228515625 0.2333984375
2 0.271484375 0.7763671875 0.134765625 0.294921875
2 0.48046875 0.837890625 0.1005859375 0.119140625
2 0.6396484375 0.375 0.1376953125 0.091796875