3 0.44921875 0.388671875 0.169921875 0.4541015625
3 0.6787109375 0.33984375 0.1279296875 0.4013671875
3 0.6083984375 0.623046875 0.1806640625 0.6123046875
3 0.681640625 0.640625 0.134765625 0.4697265625
3 0.3349609375 0.71484375 0.091796875 0.40234375
0 0.828125 0.77734375 0.19140625 0.3095703125
0 0.79296875 0.294921875 0.1318359375 0.244140625
0 0.8076171875 0.1044921875 0.130859375 0.208984375
0 0.6455078125 0.1357421875 0.193359375 0.271484375
0 0.58984375 0.2607421875 0.0791015625 0.1484375
0 0.349609375 0.61328125 0.0908203125 0.234375
0 0.61328125 0.8232421875 0.0927734375 0.1416015625
0 0.4912109375 0.1513671875 0.0654296875 0.1025390625
0 0.4970703125 0.2275390625 0.056640625 0.095703125
0 0.51171875 0.2724609375 0.0546875 0.072265625
0 0.52734375 0.162109375 0.041015625 0.072265625
0 0.5390625 0.2294921875 0.025390625 0.072265625
0 0.48046875 0.0615234375 0.052734375 0.08203125
2 0.48828125 0.787109375 0.1923828125 0.384765625
2 0.548828125 0.423828125 0.0625 0.1640625
2 0.802734375 0.3984375 0.142578125 0.0830078125