3 0.6591796875 0.404296875 0.130859375 0.421875
3 0.630859375 0.6669921875 0.1591796875 0.5693359375
3 0.421875 0.4287109375 0.1708984375 0.2998046875
3 0.30078125 0.74609375 0.119140625 0.2197265625
3 0.2822265625 0.8642578125 0.08203125 0.234375
3 0.896484375 0.8974609375 0.111328125 0.1904296875
0 0.4130859375 0.5986328125 0.1591796875 0.2890625
0 0.5634765625 0.72265625 0.16015625 0.4013671875
0 0.796875 0.8349609375 0.1982421875 0.3037109375
0 0.599609375 0.1787109375 0.2216796875 0.294921875
0 0.7744140625 0.15234375 0.1357421875 0.2294921875
0 0.765625 0.33984375 0.1259765625 0.236328125
0 0.607421875 0.3837890625 0.1982421875 0.283203125
0 0.458984375 0.251953125 0.056640625 0.140625
0 0.4755859375 0.322265625 0.0595703125 0.080078125
0 0.484375 0.3642578125 0.0556640625 0.0634765625
0 0.4384765625 0.125 0.0625 0.0693359375
0 0.4599609375 0.177734375 0.0849609375 0.0830078125
2 0.7705078125 0.447265625 0.1396484375 0.0859375
2 0.544921875 0.5029296875 0.115234375 0.14453125
2 0.4951171875 0.837890625 0.365234375 0.318359375