3 0.416015625 0.361328125 0.0986328125 0.201171875
3 0.572265625 0.451171875 0.1826171875 0.423828125
3 0.5478515625 0.6328125 0.126953125 0.53515625
3 0.4765625 0.7705078125 0.1337890625 0.3193359375
3 0.23828125 0.6123046875 0.12109375 0.4306640625
0 0.669921875 0.806640625 0.18359375 0.2705078125
0 0.4765625 0.7177734375 0.1572265625 0.2861328125
0 0.4189453125 0.49609375 0.115234375 0.1640625
0 0.505859375 0.21484375 0.166015625 0.25390625
0 0.6494140625 0.1943359375 0.1240234375 0.205078125
0 0.63671875 0.357421875 0.125 0.201171875
0 0.48046875 0.4150390625 0.0458984375 0.2041015625
0 0.412109375 0.16015625 0.025390625 0.1162109375
2 0.3583984375 0.79296875 0.142578125 0.27734375
2 0.65625 0.455078125 0.1181640625 0.0732421875
1 0.2744140625 0.2822265625 0.1953125 0.41796875