3 0.595703125 0.546875 0.1630859375 0.54296875
3 0.634765625 0.28515625 0.1171875 0.33984375
3 0.4453125 0.3232421875 0.1416015625 0.267578125
3 0.306640625 0.546875 0.1015625 0.357421875
0 0.7548828125 0.7119140625 0.1884765625 0.28515625
0 0.5390625 0.61328125 0.1552734375 0.3623046875
0 0.431640625 0.521484375 0.111328125 0.232421875
0 0.4140625 0.3974609375 0.1396484375 0.091796875
0 0.5859375 0.291015625 0.17578125 0.2763671875
0 0.734375 0.2587890625 0.123046875 0.224609375
0 0.583984375 0.1123046875 0.20703125 0.22265625
0 0.74609375 0.0888671875 0.1181640625 0.177734375
2 0.4423828125 0.7099609375 0.1904296875 0.24609375
2 0.748046875 0.3642578125 0.138671875 0.0947265625