3 0.6171875 0.5966796875 0.169921875 0.609375
3 0.697265625 0.6201171875 0.1279296875 0.451171875
3 0.6865234375 0.3212890625 0.126953125 0.392578125
3 0.4609375 0.3662109375 0.16015625 0.453125
3 0.3486328125 0.6611328125 0.0947265625 0.380859375
0 0.83984375 0.751953125 0.1962890625 0.2958984375
0 0.35546875 0.5908203125 0.103515625 0.232421875
0 0.6591796875 0.1240234375 0.189453125 0.244140625
0 0.81640625 0.0986328125 0.1298828125 0.197265625
0 0.7978515625 0.2734375 0.1494140625 0.244140625
0 0.603515625 0.25390625 0.0888671875 0.1640625
0 0.525390625 0.2470703125 0.0625 0.0693359375
0 0.505859375 0.18359375 0.0546875 0.134765625
2 0.4990234375 0.736328125 0.193359375 0.322265625
2 0.5576171875 0.390625 0.06640625 0.1572265625