3 0.294921875 0.51171875 0.109375 0.4208984375
3 0.4501953125 0.30078125 0.109375 0.259765625
3 0.5966796875 0.3330078125 0.1123046875 0.3359375
3 0.58203125 0.4951171875 0.1494140625 0.390625
3 0.60546875 0.7275390625 0.212890625 0.205078125
0 0.5517578125 0.1435546875 0.201171875 0.259765625
0 0.7041015625 0.1162109375 0.123046875 0.2001953125
0 0.6865234375 0.2900390625 0.1240234375 0.1982421875
0 0.5166015625 0.3486328125 0.0791015625 0.2001953125
0 0.451171875 0.4638671875 0.142578125 0.236328125
0 0.5205078125 0.6162109375 0.1494140625 0.3251953125
0 0.716796875 0.7060546875 0.1689453125 0.265625
2 0.44140625 0.6943359375 0.2080078125 0.2607421875
2 0.701171875 0.3798828125 0.115234375 0.0654296875