3 0.419921875 0.3984375 0.166015625 0.3447265625
3 0.6650390625 0.390625 0.1279296875 0.431640625
3 0.634765625 0.6455078125 0.154296875 0.537109375
3 0.77734375 0.80859375 0.08984375 0.23046875
3 0.3046875 0.7041015625 0.1162109375 0.3974609375
0 0.4033203125 0.5966796875 0.1572265625 0.29296875
0 0.568359375 0.71484375 0.162109375 0.4111328125
0 0.802734375 0.8212890625 0.197265625 0.298828125
0 0.779296875 0.1337890625 0.140625 0.2333984375
0 0.61328125 0.1669921875 0.2001953125 0.296875
0 0.76953125 0.326171875 0.126953125 0.234375
0 0.5703125 0.3388671875 0.111328125 0.19140625
0 0.458984375 0.224609375 0.0595703125 0.16796875
0 0.478515625 0.3193359375 0.060546875 0.099609375
2 0.455078125 0.80859375 0.1904296875 0.3515625
2 0.517578125 0.447265625 0.0888671875 0.158203125
0 0.439453125 0.12109375 0.052734375 0.111328125