3 0.4658203125 0.7177734375 0.1279296875 0.3779296875
3 0.5888671875 0.6044921875 0.123046875 0.5400390625
3 0.61328125 0.3466796875 0.1826171875 0.279296875
3 0.4560546875 0.359375 0.103515625 0.2705078125
3 0.2744140625 0.591796875 0.1064453125 0.408203125
0 0.7109375 0.7724609375 0.185546875 0.263671875
0 0.462890625 0.474609375 0.091796875 0.1484375
0 0.541015625 0.18359375 0.1923828125 0.25
0 0.69140625 0.173828125 0.1162109375 0.1875
0 0.6875 0.318359375 0.099609375 0.1845703125
0 0.525390625 0.6826171875 0.1240234375 0.3740234375
2 0.3837890625 0.767578125 0.1279296875 0.2724609375
2 0.6875 0.4287109375 0.130859375 0.08984375