3 0.55078125 0.30078125 0.140625 0.3037109375
3 0.5009765625 0.5146484375 0.107421875 0.5234375
3 0.380859375 0.546875 0.1376953125 0.470703125
3 0.3828125 0.3212890625 0.1044921875 0.259765625
3 0.205078125 0.494140625 0.103515625 0.380859375
3 0.1796875 0.611328125 0.0439453125 0.177734375
3 0.19921875 0.7236328125 0.0908203125 0.14453125
3 0.1748046875 0.296875 0.048828125 0.3115234375
0 0.6064453125 0.66015625 0.158203125 0.2490234375
0 0.462890625 0.626953125 0.080078125 0.234375
0 0.4296875 0.44921875 0.0791015625 0.1455078125
0 0.4453125 0.3525390625 0.0693359375 0.0849609375
0 0.455078125 0.4462890625 0.0537109375 0.115234375
0 0.58984375 0.24609375 0.083984375 0.16796875
0 0.4501953125 0.158203125 0.162109375 0.3115234375
0 0.5869140625 0.0947265625 0.111328125 0.18359375
0 0.3193359375 0.2783203125 0.046875 0.08984375
2 0.3095703125 0.6650390625 0.111328125 0.2587890625