3 0.3134765625 0.4423828125 0.10546875 0.62109375
3 0.47265625 0.2509765625 0.154296875 0.2705078125
3 0.65234375 0.236328125 0.1181640625 0.3583984375
3 0.6123046875 0.4775390625 0.162109375 0.5458984375
0 0.765625 0.66015625 0.181640625 0.2802734375
0 0.5615234375 0.5478515625 0.1630859375 0.365234375
0 0.458984375 0.4462890625 0.1201171875 0.232421875
0 0.6015625 0.0810546875 0.1875 0.1572265625
0 0.755859375 0.064453125 0.1298828125 0.12890625
0 0.74609375 0.201171875 0.125 0.21484375
0 0.560546875 0.2265625 0.0986328125 0.2138671875
2 0.4931640625 0.650390625 0.267578125 0.2587890625
2 0.755859375 0.2978515625 0.1220703125 0.0654296875