3 0.373046875 0.64453125 0.169921875 0.5087890625
3 0.5087890625 0.578125 0.1689453125 0.6337890625
3 0.5859375 0.31640625 0.16015625 0.322265625
3 0.3935546875 0.33984375 0.1337890625 0.3154296875
3 0.1865234375 0.5576171875 0.1484375 0.4462890625
3 0.171875 0.720703125 0.1142578125 0.3662109375
2 0.2841796875 0.7578125 0.130859375 0.2900390625
0 0.654296875 0.7509765625 0.197265625 0.296875
0 0.4462890625 0.6669921875 0.1376953125 0.359375
0 0.44140625 0.4365234375 0.123046875 0.169921875
0 0.4599609375 0.140625 0.2158203125 0.2724609375
0 0.630859375 0.1015625 0.130859375 0.1884765625
0 0.6357421875 0.2724609375 0.0986328125 0.2109375
0 0.470703125 0.33984375 0.107421875 0.1669921875
0 0.298828125 0.3037109375 0.0654296875 0.1123046875
0 0.3203125 0.1953125 0.0546875 0.1240234375
0 0.333984375 0.2509765625 0.048828125 0.068359375
0 0.357421875 0.20703125 0.0205078125 0.0634765625
0 0.32421875 0.1162109375 0.060546875 0.0634765625