3 0.3037109375 0.7705078125 0.1005859375 0.388671875
3 0.30078125 0.583984375 0.0947265625 0.306640625
3 0.44140625 0.396484375 0.1416015625 0.3349609375
3 0.666015625 0.3818359375 0.134765625 0.4365234375
3 0.63671875 0.630859375 0.1611328125 0.533203125
3 0.73828125 0.8115234375 0.177734375 0.3759765625
0 0.3916015625 0.5947265625 0.13671875 0.298828125
0 0.5751953125 0.7138671875 0.1669921875 0.40234375
0 0.82421875 0.8115234375 0.16015625 0.298828125
0 0.60546875 0.1494140625 0.224609375 0.287109375
0 0.78125 0.1298828125 0.1357421875 0.2373046875
0 0.7705078125 0.3271484375 0.130859375 0.2431640625
0 0.5703125 0.3330078125 0.1123046875 0.236328125
0 0.4599609375 0.24609375 0.046875 0.0947265625
0 0.4814453125 0.298828125 0.05859375 0.0732421875
0 0.490234375 0.3447265625 0.044921875 0.0517578125
2 0.451171875 0.8037109375 0.1767578125 0.337890625
2 0.560546875 0.875 0.1923828125 0.2001953125
2 0.77734375 0.427734375 0.1416015625 0.0859375
2 0.544921875 0.4580078125 0.1376953125 0.1943359375
1 0.314453125 0.2373046875 0.1328125 0.47265625