3 0.3955078125 0.6845703125 0.162109375 0.4638671875
3 0.53515625 0.59765625 0.1640625 0.6044921875
3 0.5869140625 0.296875 0.1796875 0.2509765625
3 0.4140625 0.3408203125 0.1259765625 0.2734375
3 0.20703125 0.578125 0.1240234375 0.4365234375
3 0.19921875 0.7490234375 0.107421875 0.3349609375
0 0.6796875 0.771484375 0.1923828125 0.2900390625
0 0.48046875 0.677734375 0.138671875 0.375
0 0.4384765625 0.4365234375 0.119140625 0.125
0 0.48828125 0.140625 0.2099609375 0.27734375
0 0.6591796875 0.1142578125 0.1396484375 0.2275390625
0 0.65234375 0.2841796875 0.1171875 0.193359375
0 0.474609375 0.3212890625 0.0859375 0.1416015625
0 0.3544921875 0.1884765625 0.0908203125 0.1484375
0 0.34375 0.091796875 0.0771484375 0.0830078125
0 0.3466796875 0.03125 0.0712890625 0.0625
0 0.3291015625 0.2978515625 0.0703125 0.1376953125
2 0.6669921875 0.3955078125 0.1162109375 0.0859375
2 0.5087890625 0.8369140625 0.0927734375 0.107421875