3 0.5419921875 0.380859375 0.080078125 0.2294921875
3 0.5302734375 0.5703125 0.095703125 0.404296875
3 0.4326171875 0.5986328125 0.10546875 0.375
3 0.4443359375 0.4326171875 0.0869140625 0.154296875
3 0.3037109375 0.55859375 0.10546875 0.2734375
3 0.2890625 0.6826171875 0.076171875 0.240234375
0 0.615234375 0.681640625 0.1279296875 0.1904296875
0 0.4814453125 0.634765625 0.095703125 0.2587890625
0 0.48828125 0.513671875 0.068359375 0.154296875
0 0.48828125 0.2685546875 0.134765625 0.193359375
0 0.5947265625 0.2431640625 0.0830078125 0.1474609375
0 0.6015625 0.3662109375 0.0537109375 0.130859375
0 0.4755859375 0.4306640625 0.0546875 0.072265625
0 0.3916015625 0.39453125 0.0458984375 0.0634765625
0 0.40625 0.3583984375 0.03515625 0.0390625
0 0.3916015625 0.33203125 0.037109375 0.0498046875
0 0.3935546875 0.294921875 0.0419921875 0.0361328125
0 0.384765625 0.2705078125 0.033203125 0.03515625
2 0.43359375 0.6982421875 0.2041015625 0.197265625
2 0.6064453125 0.4306640625 0.0703125 0.0615234375