3 0.3466796875 0.64453125 0.1474609375 0.5224609375
3 0.46875 0.607421875 0.1416015625 0.58203125
3 0.537109375 0.3759765625 0.150390625 0.33203125
3 0.341796875 0.390625 0.0986328125 0.2998046875
3 0.1650390625 0.5458984375 0.138671875 0.5029296875
3 0.146484375 0.755859375 0.1005859375 0.3037109375
0 0.5966796875 0.763671875 0.1767578125 0.26953125
0 0.43359375 0.7587890625 0.0791015625 0.2001953125
0 0.4140625 0.6005859375 0.11328125 0.20703125
0 0.4169921875 0.462890625 0.0810546875 0.1416015625
0 0.419921875 0.162109375 0.1904296875 0.2373046875
0 0.5703125 0.150390625 0.1240234375 0.203125
0 0.5654296875 0.3076171875 0.111328125 0.1767578125
0 0.4443359375 0.3330078125 0.1396484375 0.14453125
0 0.2783203125 0.3525390625 0.0498046875 0.091796875
0 0.283203125 0.2646484375 0.044921875 0.1044921875
0 0.2890625 0.1884765625 0.0625 0.0625
2 0.3388671875 0.7705078125 0.2841796875 0.2734375
2 0.5849609375 0.416015625 0.103515625 0.0712890625