3 0.169921875 0.56640625 0.1220703125 0.43359375
3 0.1640625 0.7529296875 0.103515625 0.3134765625
3 0.36328125 0.6416015625 0.166015625 0.5166015625
3 0.501953125 0.5947265625 0.1416015625 0.60546875
3 0.5703125 0.341796875 0.1513671875 0.330078125
3 0.373046875 0.369140625 0.107421875 0.3251953125
0 0.6337890625 0.7578125 0.1875 0.279296875
0 0.4404296875 0.68359375 0.123046875 0.3515625
0 0.4453125 0.46875 0.0849609375 0.2177734375
0 0.470703125 0.1982421875 0.16015625 0.3447265625
0 0.609375 0.1162109375 0.1240234375 0.2099609375
0 0.61328125 0.2939453125 0.0986328125 0.1904296875
0 0.376953125 0.12109375 0.0517578125 0.2294921875
0 0.2978515625 0.322265625 0.044921875 0.1025390625
0 0.3232421875 0.29296875 0.048828125 0.0888671875
0 0.30078125 0.2392578125 0.03125 0.0654296875
0 0.3046875 0.193359375 0.0517578125 0.0419921875
0 0.3037109375 0.146484375 0.068359375 0.0595703125
2 0.29296875 0.7646484375 0.1416015625 0.287109375
1 0.1943359375 0.2109375 0.1875 0.419921875