3 0.580078125 0.732421875 0.1484375 0.2412109375
3 0.5625 0.4970703125 0.16796875 0.3720703125
3 0.572265625 0.388671875 0.109375 0.3857421875
3 0.4462890625 0.30859375 0.1025390625 0.25390625
3 0.2939453125 0.5498046875 0.1240234375 0.408203125
0 0.69921875 0.724609375 0.1708984375 0.2568359375
0 0.505859375 0.6357421875 0.142578125 0.33984375
0 0.4091796875 0.478515625 0.2109375 0.234375
0 0.68359375 0.142578125 0.12109375 0.193359375
0 0.53125 0.16015625 0.1943359375 0.25
0 0.61328125 0.330078125 0.2431640625 0.2587890625
2 0.4013671875 0.7255859375 0.216796875 0.24609375
2 0.625 0.421875 0.23828125 0.12109375