3 0.314453125 0.6982421875 0.0927734375 0.40234375
3 0.56640625 0.7060546875 0.1875 0.50390625
3 0.6484375 0.642578125 0.1552734375 0.525390625
3 0.6494140625 0.3740234375 0.1484375 0.3955078125
3 0.423828125 0.4248046875 0.166015625 0.3857421875
0 0.806640625 0.810546875 0.1904296875 0.2900390625
0 0.369140625 0.61328125 0.169921875 0.2568359375
0 0.609375 0.173828125 0.2197265625 0.2822265625
0 0.7822265625 0.142578125 0.1328125 0.22265625
0 0.7705078125 0.3359375 0.12890625 0.2529296875
0 0.5673828125 0.337890625 0.09765625 0.1884765625
2 0.4619140625 0.79296875 0.169921875 0.3359375
0 0.470703125 0.25390625 0.056640625 0.130859375
0 0.46875 0.171875 0.0703125 0.05859375
0 0.4892578125 0.3173828125 0.05859375 0.068359375
0 0.4990234375 0.34765625 0.0595703125 0.072265625
2 0.783203125 0.4443359375 0.1376953125 0.091796875