3 0.6533203125 0.2529296875 0.115234375 0.328125
3 0.6103515625 0.5 0.154296875 0.533203125
3 0.484375 0.2646484375 0.14453125 0.2763671875
3 0.326171875 0.498046875 0.0986328125 0.345703125
0 0.751953125 0.6572265625 0.181640625 0.2705078125
0 0.513671875 0.5185546875 0.201171875 0.41796875
0 0.599609375 0.09765625 0.1875 0.19140625
0 0.74609375 0.0791015625 0.12109375 0.158203125
0 0.740234375 0.2314453125 0.107421875 0.212890625
0 0.56640625 0.259765625 0.10546875 0.2529296875
2 0.494140625 0.6396484375 0.2490234375 0.2705078125
2 0.666015625 0.3466796875 0.2685546875 0.115234375