3 0.830078125 0.703125 0.17578125 0.201171875
3 0.59765625 0.5126953125 0.1630859375 0.5556640625
3 0.6513671875 0.28515625 0.1015625 0.3232421875
3 0.46484375 0.263671875 0.123046875 0.234375
3 0.32421875 0.46484375 0.107421875 0.4140625
3 0.3125 0.630859375 0.087890625 0.294921875
0 0.734375 0.669921875 0.169921875 0.2587890625
0 0.544921875 0.576171875 0.142578125 0.33984375
0 0.474609375 0.43359375 0.1279296875 0.244140625
0 0.5859375 0.111328125 0.173828125 0.220703125
0 0.7294921875 0.0908203125 0.12109375 0.181640625
0 0.5576171875 0.2998046875 0.103515625 0.197265625
0 0.724609375 0.244140625 0.107421875 0.19140625
2 0.4853515625 0.6357421875 0.2529296875 0.2998046875
2 0.658203125 0.361328125 0.255859375 0.1142578125