3 0.8916015625 0.72265625 0.177734375 0.16796875
3 0.607421875 0.4892578125 0.154296875 0.4775390625
3 0.650390625 0.2744140625 0.1123046875 0.318359375
3 0.4765625 0.24609375 0.119140625 0.205078125
3 0.3291015625 0.5068359375 0.099609375 0.322265625
0 0.744140625 0.6669921875 0.171875 0.2666015625
0 0.5556640625 0.5712890625 0.1474609375 0.3291015625
0 0.48046875 0.4384765625 0.119140625 0.2470703125
0 0.59375 0.109375 0.177734375 0.2177734375
0 0.740234375 0.087890625 0.119140625 0.1748046875
0 0.734375 0.2431640625 0.0986328125 0.1943359375
0 0.5615234375 0.2763671875 0.107421875 0.23046875
2 0.4990234375 0.65234375 0.259765625 0.2470703125
2 0.66796875 0.3603515625 0.2490234375 0.109375
1 0.3583984375 0.3828125 0.16015625 0.765625