3 0.41796875 0.4404296875 0.15625 0.4501953125
3 0.6494140625 0.4130859375 0.142578125 0.431640625
3 0.634765625 0.5830078125 0.154296875 0.3857421875
3 0.60546875 0.76171875 0.1875 0.443359375
0 0.3701171875 0.6142578125 0.1416015625 0.2587890625
0 0.5546875 0.705078125 0.1357421875 0.3291015625
0 0.7939453125 0.833984375 0.19921875 0.3037109375
0 0.6044921875 0.185546875 0.208984375 0.28515625
0 0.7724609375 0.1552734375 0.130859375 0.2275390625
0 0.7587890625 0.3525390625 0.130859375 0.2431640625
0 0.603515625 0.380859375 0.19140625 0.2392578125
2 0.4609375 0.818359375 0.2138671875 0.345703125
2 0.7763671875 0.4482421875 0.1337890625 0.0927734375
1 0.31640625 0.5185546875 0.140625 0.9599609375