3 0.431640625 0.6875 0.15234375 0.419921875
3 0.60546875 0.3349609375 0.1826171875 0.30859375
3 0.578125 0.59375 0.126953125 0.5517578125
3 0.4443359375 0.39453125 0.109375 0.35546875
3 0.2490234375 0.5703125 0.1162109375 0.4208984375
3 0.23828125 0.7451171875 0.091796875 0.306640625
0 0.705078125 0.763671875 0.189453125 0.283203125
0 0.509765625 0.7099609375 0.1220703125 0.265625
0 0.4716796875 0.4765625 0.11328125 0.2197265625
0 0.6162109375 0.34375 0.220703125 0.2822265625
0 0.5302734375 0.189453125 0.193359375 0.359375
0 0.68359375 0.1162109375 0.1328125 0.2138671875
2 0.6728515625 0.4052734375 0.1533203125 0.0849609375
2 0.537109375 0.8330078125 0.0966796875 0.076171875
2 0.345703125 0.763671875 0.09375 0.2734375