3 0.318359375 0.7119140625 0.0830078125 0.345703125
3 0.4365234375 0.421875 0.171875 0.4375
3 0.5751953125 0.689453125 0.177734375 0.6181640625
3 0.6572265625 0.625 0.1591796875 0.51953125
3 0.66796875 0.3603515625 0.1259765625 0.3984375
0 0.37890625 0.599609375 0.1455078125 0.2900390625
0 0.81640625 0.798828125 0.1962890625 0.30859375
0 0.6328125 0.154296875 0.2001953125 0.2890625
0 0.7978515625 0.1240234375 0.13671875 0.23046875
0 0.7783203125 0.3154296875 0.1376953125 0.2412109375
0 0.5830078125 0.3134765625 0.091796875 0.1455078125
2 0.47265625 0.7822265625 0.166015625 0.3251953125
2 0.794921875 0.4228515625 0.140625 0.08984375