3 0.4775390625 0.31640625 0.1298828125 0.4775390625
3 0.693359375 0.2919921875 0.125 0.3857421875
3 0.6982421875 0.5283203125 0.1484375 0.5625
3 0.6240234375 0.55859375 0.189453125 0.6123046875
0 0.361328125 0.5576171875 0.107421875 0.232421875
0 0.8505859375 0.7275390625 0.1923828125 0.298828125
0 0.8173828125 0.2421875 0.1376953125 0.2490234375
0 0.830078125 0.0771484375 0.1279296875 0.1513671875
0 0.6611328125 0.125 0.2099609375 0.2470703125
0 0.599609375 0.26953125 0.0703125 0.2392578125
2 0.515625 0.69921875 0.2060546875 0.3291015625
2 0.55859375 0.349609375 0.0556640625 0.138671875
1 0.3564453125 0.431640625 0.1103515625 0.859375