3 0.65625 0.4140625 0.134765625 0.4306640625
3 0.62890625 0.5654296875 0.158203125 0.349609375
3 0.6357421875 0.806640625 0.1923828125 0.3662109375
3 0.4189453125 0.443359375 0.162109375 0.3125
3 0.2890625 0.7177734375 0.0869140625 0.3544921875
0 0.37890625 0.611328125 0.138671875 0.263671875
0 0.546875 0.7197265625 0.1259765625 0.3544921875
0 0.802734375 0.8349609375 0.1796875 0.2998046875
0 0.7705078125 0.1591796875 0.126953125 0.2236328125
0 0.6083984375 0.1884765625 0.1982421875 0.294921875
0 0.763671875 0.34765625 0.1220703125 0.236328125
0 0.5634765625 0.39453125 0.109375 0.26953125
0 0.4765625 0.330078125 0.056640625 0.072265625
0 0.455078125 0.2470703125 0.0595703125 0.169921875
0 0.482421875 0.369140625 0.07421875 0.08203125
2 0.4619140625 0.8212890625 0.23046875 0.3359375
2 0.5078125 0.486328125 0.1064453125 0.1357421875
2 0.7763671875 0.4580078125 0.130859375 0.0986328125
1 0.3310546875 0.4443359375 0.181640625 0.81640625