3 0.4990234375 0.361328125 0.103515625 0.4833984375
3 0.34375 0.6669921875 0.078125 0.3359375
3 0.57421875 0.58984375 0.13671875 0.599609375
3 0.673828125 0.5927734375 0.1435546875 0.5263671875
3 0.6650390625 0.3525390625 0.123046875 0.3212890625
0 0.8125 0.7529296875 0.1923828125 0.2861328125
0 0.798828125 0.1201171875 0.134765625 0.2236328125
0 0.7900390625 0.302734375 0.1142578125 0.2109375
0 0.63671875 0.1181640625 0.20703125 0.224609375
0 0.6455078125 0.2646484375 0.1865234375 0.154296875
0 0.357421875 0.5791015625 0.0986328125 0.1865234375
0 0.6171875 0.4462890625 0.046875 0.0634765625
0 0.6298828125 0.6767578125 0.115234375 0.3056640625
2 0.541015625 0.736328125 0.2783203125 0.3115234375
2 0.7900390625 0.3974609375 0.1376953125 0.0927734375