3 0.64453125 0.267578125 0.12109375 0.3681640625
3 0.603515625 0.5009765625 0.1640625 0.525390625
3 0.455078125 0.28515625 0.15625 0.25390625
3 0.306640625 0.537109375 0.111328125 0.3154296875
0 0.755859375 0.69140625 0.19140625 0.29296875
0 0.50390625 0.568359375 0.2412109375 0.3857421875
0 0.5947265625 0.1015625 0.197265625 0.2001953125
0 0.7529296875 0.0771484375 0.1279296875 0.1513671875
0 0.7412109375 0.2294921875 0.115234375 0.212890625
0 0.55078125 0.2724609375 0.099609375 0.255859375
2 0.4970703125 0.677734375 0.294921875 0.2802734375
2 0.6787109375 0.35546875 0.263671875 0.125
1 0.3232421875 0.3994140625 0.15234375 0.798828125