3 0.4541015625 0.2900390625 0.1103515625 0.22265625
3 0.302734375 0.466796875 0.109375 0.474609375
3 0.61328125 0.3115234375 0.119140625 0.328125
3 0.58984375 0.5458984375 0.1396484375 0.4775390625
3 0.6923828125 0.732421875 0.1796875 0.1904296875
0 0.7177734375 0.69921875 0.1669921875 0.25390625
0 0.5224609375 0.611328125 0.142578125 0.33203125
0 0.4599609375 0.4580078125 0.1279296875 0.220703125
0 0.70703125 0.111328125 0.123046875 0.197265625
0 0.56640625 0.134765625 0.181640625 0.2666015625
0 0.6865234375 0.27734375 0.1259765625 0.2001953125
0 0.5244140625 0.3134765625 0.10546875 0.2412109375
2 0.7021484375 0.369140625 0.1171875 0.06640625
2 0.4580078125 0.6904296875 0.31640625 0.2587890625