3 0.427734375 0.642578125 0.130859375 0.267578125
3 0.529296875 0.388671875 0.087890625 0.39453125
3 0.67578125 0.3701171875 0.103515625 0.2490234375
3 0.6787109375 0.5791015625 0.1259765625 0.44140625
3 0.59375 0.5830078125 0.1142578125 0.5224609375
0 0.796875 0.7255859375 0.1572265625 0.2431640625
0 0.6591796875 0.6357421875 0.048828125 0.1123046875
0 0.6318359375 0.7421875 0.111328125 0.1259765625
0 0.65234375 0.205078125 0.1572265625 0.216796875
0 0.78515625 0.181640625 0.1044921875 0.1806640625
0 0.76953125 0.337890625 0.103515625 0.1787109375
0 0.6025390625 0.3193359375 0.0537109375 0.1220703125
2 0.5732421875 0.712890625 0.2412109375 0.265625
2 0.779296875 0.423828125 0.115234375 0.076171875
0 0.4091796875 0.595703125 0.0830078125 0.2138671875